87 30
0 29
1 29
2 29
3 29
4 29
5 29
6 29
7 29
8 29
9 29
10 29
11 29
12 29
13 29
14 29
15 29
16 29
17 29
18 29
19 29
20 29
21 29
22 29
23 29
24 29
25 29
26 29
27 29
28 29
29 29
30 29
31 29
32 29
33 29
34 29
35 29
36 29
37 29
38 29
39 29
40 29
41 29
42 29
43 29
44 29
45 29
46 29
47 29
48 29
49 29
50 29
51 29
52 29
53 29
54 29
55 29
56 29
57 29
58 29
59 29
60 29
61 29
62 29
63 29
64 29
65 29
66 29
67 29
68 29
69 29
70 29
71 29
72 29
73 29
74 29
75 29
76 29
77 29
78 29
79 29
80 29
81 29
82 29
83 29
84 29
85 29
86 29
0 28
16 28
17 28
18 28
86 28
0 27
16 27
17 27
18 27
86 27
0 26
16 26
17 26
18 26
86 26
0 25
8 25
9 25
10 25
11 25
12 25
16 25
17 25
18 25
48 25
49 25
50 25
51 25
52 25
53 25
54 25
55 25
56 25
57 25
58 25
59 25
60 25
61 25
62 25
63 25
64 25
65 25
66 25
67 25
68 25
69 25
70 25
71 25
72 25
86 25
0 24
10 24
11 24
12 24
16 24
17 24
18 24
48 24
49 24
50 24
51 24
52 24
53 24
54 24
55 24
56 24
57 24
58 24
59 24
60 24
61 24
62 24
63 24
64 24
65 24
66 24
67 24
68 24
69 24
70 24
71 24
72 24
86 24
0 23
1 23
2 23
3 23
4 23
5 23
10 23
11 23
12 23
13 23
14 23
15 23
16 23
17 23
18 23
25 23
26 23
27 23
28 23
31 23
32 23
33 23
34 23
35 23
36 23
37 23
38 23
39 23
40 23
41 23
42 23
43 23
44 23
45 23
65 23
66 23
67 23
68 23
69 23
70 23
71 23
72 23
86 23
0 22
1 22
2 22
3 22
4 22
5 22
11 22
12 22
13 22
14 22
15 22
16 22
17 22
18 22
25 22
26 22
27 22
28 22
32 22
33 22
34 22
35 22
36 22
37 22
38 22
39 22
40 22
41 22
42 22
43 22
44 22
45 22
65 22
66 22
67 22
68 22
69 22
70 22
71 22
72 22
86 22
0 21
1 21
2 21
3 21
4 21
5 21
11 21
12 21
13 21
14 21
15 21
16 21
17 21
18 21
25 21
26 21
27 21
28 21
29 21
32 21
33 21
34 21
35 21
36 21
37 21
38 21
39 21
40 21
41 21
42 21
43 21
44 21
45 21
46 21
47 21
65 21
66 21
67 21
68 21
69 21
70 21
71 21
72 21
86 21
0 20
1 20
2 20
3 20
4 20
5 20
6 20
11 20
12 20
13 20
14 20
15 20
16 20
17 20
18 20
42 20
43 20
44 20
45 20
46 20
47 20
65 20
66 20
67 20
68 20
69 20
70 20
71 20
72 20
86 20
0 19
1 19
2 19
3 19
4 19
5 19
6 19
11 19
12 19
13 19
14 19
31 19
32 19
42 19
43 19
44 19
45 19
46 19
47 19
48 19
49 19
65 19
66 19
67 19
68 19
69 19
70 19
71 19
72 19
86 19
0 18
1 18
2 18
3 18
4 18
5 18
6 18
11 18
12 18
13 18
14 18
22 18
23 18
42 18
43 18
44 18
45 18
46 18
47 18
48 18
49 18
65 18
66 18
67 18
68 18
69 18
70 18
71 18
72 18
86 18
0 17
1 17
2 17
3 17
4 17
5 17
6 17
11 17
12 17
13 17
14 17
22 17
23 17
28 17
29 17
46 17
47 17
48 17
49 17
50 17
51 17
65 17
66 17
67 17
68 17
69 17
70 17
71 17
72 17
86 17
0 16
1 16
2 16
3 16
4 16
5 16
6 16
11 16
12 16
13 16
14 16
22 16
23 16
46 16
47 16
48 16
49 16
50 16
51 16
65 16
66 16
67 16
68 16
69 16
70 16
71 16
72 16
86 16
0 15
1 15
2 15
3 15
4 15
5 15
6 15
11 15
12 15
13 15
14 15
22 15
23 15
31 15
32 15
46 15
47 15
48 15
49 15
50 15
51 15
52 15
53 15
54 15
55 15
56 15
57 15
58 15
59 15
60 15
61 15
65 15
66 15
67 15
68 15
69 15
70 15
71 15
72 15
86 15
0 14
1 14
2 14
3 14
4 14
5 14
6 14
11 14
12 14
13 14
14 14
18 14
19 14
20 14
21 14
22 14
23 14
24 14
25 14
26 14
27 14
28 14
29 14
30 14
31 14
32 14
33 14
34 14
35 14
36 14
46 14
47 14
48 14
49 14
50 14
51 14
52 14
53 14
54 14
55 14
56 14
57 14
58 14
59 14
60 14
61 14
64 14
65 14
66 14
67 14
68 14
69 14
70 14
71 14
72 14
86 14
0 13
1 13
2 13
3 13
4 13
5 13
6 13
11 13
12 13
13 13
14 13
15 13
18 13
19 13
20 13
21 13
22 13
23 13
24 13
25 13
26 13
27 13
28 13
29 13
30 13
31 13
32 13
33 13
34 13
35 13
36 13
37 13
38 13
46 13
47 13
64 13
65 13
66 13
67 13
68 13
69 13
70 13
71 13
72 13
86 13
0 12
1 12
2 12
3 12
4 12
5 12
6 12
11 12
12 12
13 12
14 12
18 12
19 12
20 12
21 12
22 12
23 12
24 12
25 12
26 12
27 12
28 12
29 12
30 12
31 12
32 12
33 12
34 12
35 12
36 12
40 12
41 12
46 12
47 12
63 12
64 12
65 12
66 12
67 12
68 12
69 12
70 12
71 12
72 12
86 12
0 11
1 11
2 11
3 11
4 11
5 11
6 11
11 11
12 11
13 11
14 11
17 11
18 11
19 11
20 11
21 11
22 11
23 11
24 11
25 11
26 11
27 11
28 11
29 11
30 11
31 11
32 11
33 11
34 11
35 11
36 11
46 11
47 11
54 11
55 11
63 11
64 11
65 11
66 11
67 11
68 11
69 11
70 11
71 11
72 11
86 11
0 10
1 10
2 10
3 10
4 10
5 10
6 10
11 10
12 10
13 10
14 10
18 10
19 10
20 10
21 10
22 10
23 10
24 10
25 10
26 10
27 10
28 10
29 10
30 10
31 10
32 10
33 10
34 10
35 10
36 10
43 10
46 10
47 10
50 10
51 10
54 10
55 10
58 10
59 10
60 10
61 10
62 10
63 10
64 10
65 10
66 10
67 10
68 10
69 10
70 10
71 10
72 10
86 10
0 9
1 9
2 9
3 9
4 9
5 9
6 9
11 9
12 9
13 9
14 9
15 9
46 9
47 9
50 9
51 9
52 9
58 9
59 9
60 9
61 9
62 9
63 9
64 9
65 9
66 9
67 9
68 9
69 9
70 9
71 9
72 9
86 9
0 8
1 8
2 8
3 8
4 8
5 8
6 8
11 8
12 8
13 8
14 8
45 8
46 8
47 8
50 8
51 8
52 8
58 8
59 8
60 8
61 8
62 8
63 8
86 8
0 7
1 7
2 7
3 7
4 7
5 7
6 7
11 7
12 7
13 7
14 7
46 7
47 7
51 7
52 7
53 7
58 7
59 7
60 7
61 7
62 7
63 7
66 7
67 7
68 7
69 7
70 7
71 7
72 7
86 7
0 6
1 6
2 6
3 6
4 6
5 6
6 6
11 6
12 6
13 6
14 6
15 6
16 6
17 6
18 6
19 6
20 6
21 6
22 6
23 6
24 6
25 6
26 6
27 6
28 6
29 6
30 6
31 6
32 6
33 6
34 6
35 6
36 6
37 6
38 6
39 6
40 6
41 6
42 6
46 6
47 6
52 6
53 6
58 6
59 6
60 6
61 6
62 6
63 6
66 6
67 6
68 6
69 6
70 6
71 6
72 6
73 6
74 6
75 6
76 6
77 6
78 6
79 6
80 6
81 6
82 6
83 6
84 6
85 6
86 6
0 5
1 5
2 5
3 5
4 5
5 5
41 5
42 5
43 5
46 5
47 5
48 5
49 5
52 5
53 5
54 5
58 5
59 5
60 5
61 5
62 5
63 5
66 5
67 5
68 5
69 5
70 5
71 5
72 5
73 5
74 5
75 5
76 5
77 5
78 5
79 5
80 5
81 5
82 5
83 5
84 5
85 5
86 5
0 4
1 4
2 4
3 4
4 4
5 4
46 4
47 4
48 4
49 4
52 4
53 4
54 4
66 4
67 4
68 4
69 4
70 4
71 4
72 4
73 4
74 4
75 4
76 4
77 4
78 4
79 4
80 4
81 4
82 4
83 4
84 4
85 4
86 4
0 3
1 3
2 3
3 3
4 3
5 3
45 3
46 3
47 3
52 3
53 3
54 3
55 3
66 3
67 3
68 3
69 3
70 3
71 3
72 3
73 3
74 3
75 3
76 3
77 3
78 3
79 3
80 3
81 3
82 3
83 3
84 3
85 3
86 3
0 2
1 2
2 2
3 2
4 2
5 2
44 2
45 2
46 2
47 2
52 2
53 2
54 2
55 2
66 2
67 2
68 2
69 2
0 1
1 1
2 1
3 1
4 1
5 1
52 1
53 1
54 1
55 1
56 1
57 1
58 1
59 1
60 1
61 1
62 1
63 1
64 1
65 1
66 1
67 1
68 1
69 1
0 0
1 0
2 0
3 0
4 0
5 0
6 0
7 0
8 0
9 0
10 0
11 0
12 0
13 0
14 0
15 0
16 0
17 0
18 0
19 0
20 0
21 0
22 0
23 0
24 0
25 0
26 0
27 0
28 0
29 0
30 0
31 0
32 0
33 0
34 0
35 0
36 0
37 0
38 0
39 0
40 0
41 0
42 0
43 0
44 0
45 0
46 0
47 0
48 0
49 0
50 0
51 0
52 0
53 0
54 0
55 0
56 0
57 0
58 0
59 0
60 0
61 0
62 0
63 0
64 0
65 0
66 0
67 0
68 0
69 0
